25	277.857721	283.905245
50	292.552850	300.535232
75	312.938635	343.499691
100	346.450308	400.522934
125	391.621516	477.075461
150	436.945059	566.537113
175	505.729016	681.827877
200	576.586328	801.156453
225	646.232524	948.071944
250	740.918542	1111.970735
275	845.057980	1282.823335
300	946.483007	1477.204014
325	1068.940915	1686.742576
350	1206.172337	1900.685892
375	1348.166283	2169.905417
400	1502.521715	2433.040756
425	1645.685450	2790.957444
450	1820.735563	3010.077960
475	2004.254509	3331.772553
500	2204.460137	3688.957395
500	2199.093089	3674.266098
525	2413.314855	3975.294545
550	2620.975852	4384.969930
575	2812.562729	4754.843572
600	3070.800462	5289.223312
625	3281.315808	5622.132387
650	3527.343326	6016.099759
675	3821.178100	6464.668505
700	4063.748241	6938.857863
725	4378.879893	7450.422597
750	4665.679164	7852.961845